0.000000000000000000e+00,4.994605551465554072e-01,7.335071209512276091e-01,4.852047843823605322e-01,4.677065525685753511e-01,4.986725551532311673e-01,4.709992615766274704e-01,4.908618227767336251e-01,4.902721014547879452e-01
4.994605551465554072e-01,0.000000000000000000e+00,4.994006458428253414e-01,4.994579686654338491e-01,4.994567869793810622e-01,4.995587224847857777e-01,4.994986559109311219e-01,4.993970900384373524e-01,4.994865903151225472e-01
7.335071209512276091e-01,4.994006458428253414e-01,0.000000000000000000e+00,4.953569487060596188e-01,9.345504595731560782e-01,9.930647224858721867e-01,4.670850987090332529e-01,4.106866971113959375e-01,4.808462652065677023e-01
4.852047843823605322e-01,4.994579686654338491e-01,4.953569487060596188e-01,0.000000000000000000e+00,4.972561539822611398e-01,4.976727200293899478e-01,4.990945183146635600e-01,4.987904962321804692e-01,4.989775876629318208e-01
4.677065525685753511e-01,4.994567869793810622e-01,9.345504595731560782e-01,4.972561539822611398e-01,0.000000000000000000e+00,4.982678442806835473e-01,8.312548405020112607e-01,9.772690058619785125e-01,4.281739902786543817e-01
4.986725551532311673e-01,4.995587224847857777e-01,9.930647224858721867e-01,4.976727200293899478e-01,4.982678442806835473e-01,0.000000000000000000e+00,4.990337817375748997e-01,4.925786972552916865e-01,4.940940993657887415e-01
4.709992615766274704e-01,4.994986559109311219e-01,4.670850987090332529e-01,4.990945183146635600e-01,8.312548405020112607e-01,4.990337817375748997e-01,0.000000000000000000e+00,4.409610479823524720e-01,3.436468224034555097e-01
4.908618227767336251e-01,4.993970900384373524e-01,4.106866971113959375e-01,4.987904962321804692e-01,9.772690058619785125e-01,4.925786972552916865e-01,4.409610479823524720e-01,0.000000000000000000e+00,3.037487897400902304e-01
4.902721014547879452e-01,4.994865903151225472e-01,4.808462652065677023e-01,4.989775876629318208e-01,4.281739902786543817e-01,4.940940993657887415e-01,3.436468224034555097e-01,3.037487897400902304e-01,0.000000000000000000e+00
